45057.0  6.8987255
45151.0  8.867157
45348.0  11.468689
45483.0  14.374512
45600.0  16.468746
45723.0  19.496094
45822.0  21.937439
45950.0  24.749756
46020.0  25.937485
46154.0  28.992188
46192.0  29.992188
46228.0  30.984373
46314.0  32.984375
46370.0  34.998047
46456.0  37.992188
46556.0  40.5
46683.0  42.999996
46766.0  45.0
46889.0  48.0
46933.0  50.0
46986.0  52.0
47018.0  53.5
47053.0  54.999756
47088.0  55.999756
47197.0  59.999023
47262.0  62.749992
47332.0  64.99951
47364.0  66.49997
47403.0  67.9375
47444.0  70.49988
47482.0  71.937485
47590.0  74.87451
47662.0  76.984375
47715.0  79.93747
47752.0  81.74609
47792.0  84.87109
47827.0  86.46869
47869.0  88.87451
47912.0  90.93555
47946.0  92.74216
47988.0  93.992065
48030.0  97.74606
48134.0  102.99213
48237.0  107.99217
48286.0  109.93701
48335.0  111.49805
48375.0  114.99805
48417.0  116.99805
48450.0  118.99609
48487.0  120.99609
48541.0  124.98436
48577.0  126.968735
48610.0  128.9961
48642.0  130.99219
48680.0  132.99608
48713.0  134.99802
48756.0  136.99976
48789.0  138.99976
48842.0  140.99988
48876.0  142.99976
48943.0  147.99803
48995.0  152.49779
49041.0  154.96844
49079.0  156.999
49113.0  158.99167
49162.0  163.86511
49196.0  166.86987
49230.0  168.98338
49285.0  173.8628
49342.0  175.83983
49398.0  180.91772
49436.0  183.67139
49475.0  186.96484
49519.0  191.3435
49566.0  194.9646
49601.0  197.74217
49635.0  200.33594
49680.0  202.2334
49723.0  208.29663
49763.0  211.71042
49839.0  218.04637
49890.0  222.24207
49927.0  224.8397
49963.0  228.68347
50003.0  230.73413
50055.0  238.93347
50090.0  241.86713
50125.0  245.81151
50157.0  249.0935
50199.0  252.43356
50243.0  255.42139
50276.0  258.3711
50318.0  262.80856
50350.0  265.68555
50390.0  272.9336
50425.0  275.74194
50460.0  279.49194
50494.0  283.46484
50543.0  286.85938
50579.0  289.49805
50626.0  293.49805
50661.0  296.93726
50692.0  300.4375
50735.0  307.8711
50777.0  311.74207
50809.0  314.9336
50846.0  318.437
50879.0  321.87305
50925.0  328.96826
50978.0  332.96826
51031.0  339.93555
51070.0  343.49213
51109.0  346.98413
51148.0  350.96826
51212.0  357.74902
51252.0  361.87402
51296.0  368.4922
51330.0  372.74902
51388.0  375.8745
51434.0  379.49902
51466.0  381.9995
